260183
296782
652537
175912
260189
333857
630166
263835
126638
128375
221889
641646
214096
177011
292261
379443
260185
181669
426123
503486
645848
557241
742931
375226
152689
402159
140205
180590
643931
503487
225342
486598
184582
557242
147841
90802250686
677469
163990
715720
402147
715958
260171
379438
630167
630169
676363
721726
180579
639414
676396
137669
81801
92076
429696
284105
558084
645847
639119
132533
402167
429730
402142
507535
639244
561403
90720
639240
428634
557825
558082
264082
657036
81791
314773
657035
657037
374076
314931
657033
562948
429676
81792
154742
144180
103559
128375402160
568632
427550
486598
342137
676391
732697
147841
152690
568659
732699
217569
568661
402156
732698
740765
217345
497406
428649
314345
672654
639698
687999
292247
128378
420640
426924
568664
568634
501988
177443
99445